P 50 550
P 52 400
P 59 96
P 89 261
P 131 27
P 146 181
P 175 528
P 176 461
P 182 262
P 209 382
P 211 113
P 292 256
P 299 140
P 299 418
P 313 52
P 364 544
P 399 119
P 404 298
P 435 445
P 477 207
P 495 315
P 504 575
P 508 59
P 544 173
P 554 440
E 0 192 61 181
E 0 312 125 345
E 0 474 92 476
E 36 0 135 103
E 61 181 135 105
E 61 181 136 234
E 92 476 104 493
E 92 476 131 396
E 104 493 123 600
E 104 493 257 496
E 125 345 131 396
E 125 345 135 336
E 131 396 238 440
E 135 103 135 105
E 135 103 225 20
E 135 105 227 193
E 135 336 136 234
E 135 336 240 312
E 136 234 227 193
E 225 20 227 0
E 225 20 266 90
E 227 193 233 195
E 233 195 234 194
E 233 195 240 312
E 234 194 266 90
E 234 194 364 202
E 238 440 257 496
E 238 440 279 338
E 240 312 279 338
E 257 496 272 512
E 264 600 272 512
E 266 90 343 102
E 272 512 360 466
E 279 338 326 336
E 326 336 373 209
E 326 336 377 380
E 343 102 364 202
E 343 102 412 14
E 360 466 377 380
E 360 466 442 525
E 364 202 373 209
E 373 209 386 209
E 377 380 438 368
E 386 209 457 266
E 386 209 476 130
E 412 0 412 14
E 412 14 476 130
E 425 600 442 525
E 438 368 457 266
E 438 368 492 393
E 442 525 497 496
E 457 266 542 252
E 476 130 480 130
E 480 130 542 252
E 480 130 600 93
E 492 393 497 496
E 492 393 600 342
E 497 496 600 534
E 542 252 600 272
